123
1232333123
1232333123
1232333123
1232333123
1232333123
1232333123
1232333123
1232333123
1232333123
1232333123
1232333123
1232333123
1232333123
1232333123
1232333123
1232333123
1232333123
1232333123
1232333123
1232333123
1232333123
1232333123
1232333123
1232333123
1232333123
1232333123
1232333123
1232333123
1232333123
1232333123
1232333123
1232333123
1232333123
1232333123
1232333123
1232333123
1232333123
1232333123
1232333123
1232333123
1232333123
1232333123
1232333123
1232333123
1232333123
1232333123
1232333123
1232333123
1232333123
1232333123
1232333123
1232333123
1232333123
1232333123
1232333123
1232333123
1232333123
1232333123
1232333123
1232333123
1232333123
1232333123
1232333123
1232333123
1232333123
1232333123
1232333123
1232333123
1232333123
1232333123
1232333123
1232333123
1232333123
1232333123
1232333123
1232333123
1232333123
1232333123
1232333123
1232333123
1232333123
1232333123
1232333123
1232333123
1232333123
1232333123
1232333123
1232333123
1232333123
1232333123
1232333123
1232333123
1232333123
1232333123
1232333123
1232333123
1232333123
1232333123
1232333123
1232333123
1232333123
1232333123
1232333123
1232333123
1232333123
1232333123
1232333123
1232333123
1232333123
1232333123
1232333123
1232333123
1232333123
1232333123
1232333123
1232333123
1232333123
1232333123
1232333123
1232333123
1232333123
1232333123
1232333
